$ 1 0.000005 0.05352614285189903 99 5 50 5e-11
f 416 352 480 352 32 1.5 0.02
R 480 320 480 256 0 0 40 12 0 0 0.5
R 416 304 416 208 4 5 10000 5 0 0 0.5
d 512 384 512 336 2 default
w 480 336 480 320 0
w 480 336 512 336 0
w 480 368 480 384 0
w 512 384 480 384 0
w 512 528 480 528 0
w 480 512 480 528 0
w 480 480 512 480 0
w 480 480 480 464 0
d 512 528 512 480 2 default
f 416 496 480 496 32 1.5 0.02
w 480 528 480 544 0
w 656 384 624 384 0
w 624 368 624 384 0
w 624 336 656 336 0
w 624 336 624 320 0
d 656 384 656 336 2 default
f 560 352 624 352 32 1.5 0.02
w 304 384 560 384 0
w 480 320 624 320 0
w 656 528 624 528 0
w 624 512 624 528 0
w 624 480 656 480 0
w 624 480 624 464 0
d 656 528 656 480 2 default
f 560 496 624 496 32 1.5 0.02
w 304 512 560 512 0
w 784 384 752 384 0
w 752 368 752 384 0
w 752 336 784 336 0
w 752 336 752 320 0
d 784 384 784 336 2 default
f 688 352 752 352 32 1.5 0.02
w 624 320 752 320 0
w 352 400 688 400 0
w 784 528 752 528 0
w 752 512 752 528 0
w 752 480 784 480 0
w 752 480 752 464 0
d 784 528 784 480 2 default
f 688 496 752 496 32 1.5 0.02
w 352 528 688 528 0
w 480 384 480 416 0
w 480 464 480 416 0
w 624 384 624 448 0
w 624 464 624 448 0
w 480 416 880 416 0
w 752 384 752 400 0
w 752 464 752 400 0
w 624 448 928 448 0
w 752 400 928 400 0
w 624 528 624 544 0
w 752 528 752 544 0
w 480 544 624 544 0
w 624 544 752 544 0
g 480 544 480 560 0 0
w 688 400 688 352 0
w 560 384 560 352 0
w 688 528 688 496 0
w 560 512 560 496 0
R 304 304 304 208 4 5 10000 5 0 0 0.5
R 352 304 352 208 4 5 10000 5 0 0 0.5
w 304 352 304 384 0
w 352 352 352 400 0
t 240 448 272 448 0 1 0.5730198600160867 0.6139085571584466 100 default
w 272 432 272 368 0
r 272 368 272 320 0 10000
w 304 384 240 384 0
r 240 384 240 448 0 10000
t 304 448 336 448 0 1 0.5730198600160867 0.6139085571584466 100 default
w 272 320 336 320 0
r 336 320 336 368 0 10000
w 336 368 336 432 0
r 304 448 304 400 0 10000
w 304 400 352 400 0
t 368 448 400 448 0 1 0.5651614807009848 0.660936273888604 100 default
w 336 320 400 320 0
r 400 320 400 368 0 1000
w 400 432 400 368 0
w 400 320 480 320 0
r 368 448 368 368 0 10000
w 272 368 208 368 0
w 208 368 208 512 0
w 208 512 304 512 0
w 272 464 272 544 0
w 336 464 336 544 0
w 400 464 400 544 0
w 272 544 336 544 0
w 336 544 400 544 0
w 400 544 480 544 0
w 336 368 288 368 0
w 288 368 288 528 0
w 288 528 352 528 0
w 368 368 416 368 0
w 416 368 416 352 0
w 400 432 416 432 0
w 416 432 416 496 0
w 304 304 304 352 0
w 352 304 352 352 0
w 416 304 416 352 0
