$ 1 0.000005 10.20027730826997 50 5 43 5e-11
r 80 160 192 160 0 100
174 544 160 576 176 0 1000 0.5 Load Current
x 436 142 508 145 4 12 Stable\sVoltage
34 fwdrop\q0.805904783\szvoltage\q6.14 0 1.7143528192808883e-7 0 2 6.14 0
z 192 272 192 208 3 fwdrop\q0.805904783\szvoltage\q6.14
g 560 272 560 288 0 0
w 560 240 560 272 1
t 336 192 336 160 1 1 0.22223182067127034 0.6889121939149625 100 default
w 416 160 544 160 2
g 416 336 416 352 0 0
r 416 272 416 336 0 470
r 416 160 416 272 0 470
w 240 272 416 272 0
w 240 240 240 272 0
w 352 160 416 160 1
w 336 192 336 224 0
w 192 160 320 160 0
w 240 208 192 208 0
a 240 224 336 224 9 15 -15 1000000 6.087308612876404 6.087437248170601 100000
g 192 272 192 288 0 0
r 192 160 192 208 0 10000
w 560 176 560 240 0
R 80 160 80 224 0 0 40 16.4 0 0 0.5
